24231222399957000195550000000000601104225640  
24231222399957000195550000000000611799341943  
24231222399957000195550000000000621220170304  
24231222399957000195550000000000631411849775  
24231222399957000195550000000000641957943053  
24231222399957000195550000000000651247884075  
24231222399957000195550000000000661077699067  
24231222399957000195550000000000671921987478  
24231222399957000195550000000000681264498520  
24231222399957000195550000000000691946731501  
24231222399957000195550000000000701065615648  
24231222399957000195550000000000711314579825  
24231222399957000195550000000000721444550697  
24231222399957000195550000000000731686269750  
24231222399957000195550000000000741706341520  
24231222399957000195550000000000751239549463  
24231222399957000195550000000000761365437439  
24231222399957000195550000000000771550272880  
24231222399957000195550000000000781959985581  
24231222399957000195550000000000791095514985  
24231222399957000195550000000000801200991980  
24231222399957000195550000000000811888917762  
